function [w]=P1Basis(x,y,index)

w=zeros(3,1);

w(1)=-0.666666666666666666 + 2.0*y;
w(2)=1.69935873711777 - 1.0*y - 1.73205080756888*x;
w(3)=-0.0326920704511051 + 1.73205080756888*x - 1.0*y;