VBasis: Q1Basis
PBasis: Q0Basis
NZx:   10, NZy:   10
dtInit: 0.000100, dtMax: 0.050000 
FullMassMatrixSolve: 0, MassUpdate: 0 
QuadOrder: 3, 
Qfrac: 1.00, hgfrac: 1.00, qquad: 1.0000, qlin: 1.0000, jitter: 0.000000 
runtime: 28.153750 
