VBasis: Q2Basis
PBasis: Q2dBasis
NZx:    5, NZy:    5
dtInit: 0.000100, dtMax: 0.050000 
FullMassMatrixSolve: 0, MassUpdate: 0 
QuadOrder: 3, 
Qfrac: 1.00, hgfrac: 0.50, qquad: 1.0000, qlin: 1.0000, jitter: 0.000000 
runtime: 16.671111 
