VBasis: Q2Basis
PBasis: Q2dBasis
NZx:   20, NZy:   20
dtInit: 0.000100, dtMax: 0.050000 
FullMassMatrixSolve: 0, MassUpdate: 0 
QuadOrder: 3, 
Qfrac: 1.00, hgfrac: 0.00, qquad: 1.0000, qlin: 1.0000, jitter: 0.000000 
runtime: 663.122007 
